Multiple size <= 100
TEST 2 ARG:46 5 19 37 21 20 80 61 51 97 32 92 17 45 87 95 16 3 67 57 62 48 7 47 83 11 88 39 26 41 73 0 42 69 30 71 23 65 81 52 85 1 76 58 56 2 77 64 18 68 24 13 22 90 59 35 15 31 25 12 94 36 63 55 9 8 74 99 44 72 82 79 96 54 50 78 91 75 29 60 93 27 4 43 14 89 66 33 28 10 6 40 84 38 34 86 70 98 49 53
TEST 4 ARG:12 70 11 59 80 76 95 28 32 71 67 25 43 57 85 60 89 73 65 8 37 47 77 48 90 29 93 34 82 83 54 7 24 42 17 15 98 44 45 14 40 13 1 46 58 84 18 86 36 62 30 23 3 75 5 88 10 94 20 61 21 4 39 66 0 87 31 22 41 96 16 97 52 92 78 99 74 53 2 49 33 63 72 79 6 81 9 51 50 69 35 26 55 64 27 38 91 68 56 19
TEST 6 ARG:34 33 57 39 9 19 68 49 58 20 74 16 88 31 0 96 87 66 85 15 27 84 71 76 51 4 75 79 17 69 94 37 60 64 21 46 14 93 86 90 24 91 18 5 53 48 67 10 78 26 13 81 73 83 63 99 12 40 98 72 38 45 80 55 7 1 50 44 89 23 36 62 22 42 11 56 82 30 65 54 97 41 8 29 52 6 25 61 35 95 3 28 47 32 43 70 77 59 92 2
TEST 8 ARG:10 95 11 12 3 94 81 35 84 75 37 66 34 42 93 87 96 33 18 22 78 71 5 43 76 40 16 7 29 51 67 8 21 82 92 48 53 36 52 60 41 54 50 61 63 77 20 79 15 31 26 57 23 1 6 56 19 89 65 74 38 39 59 90 0 49 45 72 2 80 32 85 70 69 68 9 30 62 97 24 44 55 98 64 47 14 46 91 58 28 73 27 25 13 4 83 99 17 86 88
TEST 17 ARG:98 21 75 5 68 18 0 9 34 46 33 53 66 93 79 31 61 77 69 20 74 96 80 10 88 92 82 97 6 42 94 85 58 25 11 51 2 38 39 13 57 71 60 95 64 56 89 23 52 27 50 63 24 12 84 15 26 22 86 59 4 8 76 83 7 73 3 90 44 19 67 35 99 81 70 29 49 65 72 91 87 28 14 40 32 41 43 17 55 54 30 37 48 47 62 16 78 45 1 36
TEST 19 ARG:91 68 5 61 35 28 54 24 99 0 51 19 50 97 69 13 41 73 40 64 90 36 58 18 75 52 56 10 82 77 14 66 85 42 44 25 47 6 4 95 65 48 59 2 30 78 17 15 49 3 81 53 55 71 83 11 32 33 8 7 21 9 38 74 26 29 79 60 76 93 39 37 72 16 20 87 1 62 86 57 94 46 67 34 98 12 22 92 70 23 45 27 84 96 88 80 63 31 89 43
TEST 20 ARG:54 58 0 79 67 36 80 50 82 12 51 84 66 25 91 83 61 63 39 60 42 71 43 9 56 55 10 53 99 93 62 24 2 76 98 38 45 49 19 37 3 81 72 89 73 64 87 68 5 40 65 33 97 90 27 14 28 29 11 85 47 57 34 44 96 8 75 88 31 59 69 1 77 78 7 6 41 17 30 13 21 48 32 26 70 46 15 35 94 16 4 92 22 18 95 74 52 20 86 23
TEST 21 ARG:44 64 89 25 0 14 55 70 2 11 62 8 22 5 16 61 97 39 81 49 28 71 96 37 36 77 91 43 19 95 85 98 58 57 63 80 87 74 99 90 68 73 67 21 47 35 93 59 27 45 31 72 4 17 42 76 86 15 24 41 18 26 48 9 92 88 60 46 23 69 78 94 50 38 82 54 6 52 75 84 3 10 7 13 83 30 40 66 34 53 65 29 32 51 12 79 20 33 56 1
TEST 22 ARG:86 25 28 16 96 57 98 14 54 22 79 60 94 13 31 75 36 43 84 49 2 41 55 29 77 45 11 87 18 73 95 21 51 1 10 58 71 46 42 39 0 85 81 67 23 17 62 66 56 53 12 92 99 83 65 74 69 63 61 38 35 15 6 48 30 33 97 78 7 93 72 52 90 91 47 80 34 50 88 20 32 26 68 89 24 4 5 37 70 9 40 8 76 82 27 3 64 59 19 44
TEST 24 ARG:25 43 26 1 55 0 97 31 87 21 13 77 37 69 84 67 66 65 36 50 22 73 82 96 47 11 23 74 15 19 10 93 61 60 59 44 90 3 86 29 92 20 16 78 52 72 94 30 64 91 98 39 56 41 85 18 99 7 27 81 53 28 9 89 5 4 49 48 95 76 58 83 80 68 54 63 34 33 24 75 79 8 14 57 38 70 51 17 62 45 2 6 71 32 35 46 40 42 88 12
TEST 28 ARG:42 98 90 58 63 73 32 47 77 3 72 82 89 26 12 62 10 75 40 39 29 76 74 35 51 64 17 94 13 99 83 46 14 88 85 43 54 24 25 91 31 69 15 45 93 86 4 41 5 30 80 1 37 79 65 67 9 8 28 38 84 18 66 71 16 20 50 57 56 55 53 97 2 0 61 36 60 78 21 23 70 81 6 27 33 92 49 19 95 48 22 68 7 87 44 52 96 11 59 34
TEST 29 ARG:14 88 94 97 3 12 28 85 51 74 49 69 27 65 86 24 93 25 26 84 42 35 38 62 75 52 96 76 82 11 99 47 59 37 56 78 17 29 98 55 67 30 10 81 89 95 40 77 92 68 58 31 2 13 18 71 8 16 54 33 72 87 70 91 60 79 20 80 34 6 7 1 50 44 19 15 46 32 36 5 63 23 43 0 66 57 4 90 53 83 21 41 45 64 61 22 9 39 73 48
TEST 30 ARG:97 75 86 61 78 85 79 18 67 39 0 47 60 72 92 99 98 88 33 95 68 46 57 5 34 87 84 40 53 14 6 15 64 10 37 12 71 9 20 29 21 62 28 96 43 30 19 51 1 93 56 80 22 89 81 65 69 27 23 2 48 73 55 66 63 7 50 31 26 58 76 25 49 74 16 54 91 17 77 70 41 4 45 13 24 35 90 83 44 11 59 52 36 42 94 3 8 32 38 82
TEST 31 ARG:83 35 11 74 93 96 75 40 92 90 36 22 37 45 24 76 88 47 89 67 34 30 25 48 91 87 71 17 66 97 50 53 44 4 32 16 42 33 79 64 63 55 60 5 94 70 85 15 73 99 72 38 0 56 57 51 29 9 54 95 61 77 98 6 43 59 7 8 41 62 20 68 10 14 49 81 21 82 26 3 69 13 1 31 46 19 86 84 27 23 39 18 80 58 2 65 28 52 78 12
TEST 32 ARG:87 21 15 20 93 84 8 82 22 90 94 46 81 50 44 40 62 9 38 79 39 78 63 65 43 33 35 77 97 45 1 54 80 91 16 25 99 56 23 49 66 69 96 98 31 72 19 6 41 7 32 68 37 30 86 4 34 26 76 51 2 73 47 89 70 10 5 83 29 92 58 60 14 42 61 18 3 13 48 28 67 74 24 88 17 64 0 75 53 57 95 12 85 55 11 27 59 36 52 71
TEST 34 ARG:95 23 27 56 73 83 81 63 48 75 20 7 0 13 52 93 5 18 90 62 26 37 35 98 14 8 84 32 25 94 78 38 47 31 4 80 89 22 58 42 50 61 71 69 99 51 74 33 10 9 54 55 57 87 29 44 92 49 82 39 28 86 68 46 2 19 16 59 77 53 43 67 17 30 70 96 91 65 76 21 3 34 11 66 1 12 41 36 85 64 60 15 24 45 40 79 6 97 88 72
TEST 39 ARG:16 21 76 44 66 65 85 73 24 72 36 61 11 41 18 46 35 33 97 89 87 2 82 28 49 26 54 50 13 98 57 22 19 71 86 37 67 42 53 7 1 59 34 32 29 43 60 31 55 84 70 14 62 27 58 39 5 8 30 23 78 80 52 69 25 12 56 94 79 40 63 51 10 83 4 90 9 95 15 96 91 99 47 6 0 74 3 81 93 45 68 64 92 77 38 20 17 48 75 88
TEST 40 ARG:3 33 35 37 18 19 8 52 56 95 72 60 13 99 98 16 7 29 91 36 1 80 93 28 12 47 82 46 2 34 74 85 48 0 76 45 6 30 23 67 68 25 55 50 4 58 32 75 88 42 65 22 26 53 5 17 38 84 21 66 97 20 71 15 57 10 54 61 49 62 14 69 41 9 63 39 43 79 31 87 70 90 51 24 89 64 59 81 11 96 27 86 78 77 94 40 44 83 73 92
TEST 41 ARG:32 15 59 10 3 20 36 79 47 90 49 26 28 21 94 63 89 52 5 34 50 76 43 67 38 81 61 72 70 87 55 7 99 9 74 84 27 88 1 23 65 33 86 51 77 25 96 78 66 12 83 0 60 69 19 18 40 11 85 58 93 30 22 64 16 54 42 53 24 97 4 56 13 14 98 71 31 2 92 95 68 17 62 44 82 41 75 45 80 91 73 6 37 8 46 29 57 48 35 39
TEST 42 ARG:55 0 28 61 57 44 70 88 71 48 21 42 97 11 83 34 27 35 98 74 59 50 40 86 25 49 58 22 14 12 69 38 85 95 66 96 13 87 39 90 37 54 2 52 29 33 1 72 8 45 82 92 47 6 76 41 89 7 56 53 16 91 23 43 20 62 99 79 75 36 51 93 65 9 84 4 94 63 31 78 67 80 26 5 18 60 64 77 17 73 68 19 15 30 46 32 10 3 24 81
TEST 44 ARG:4 63 41 48 21 84 74 82 47 70 81 86 43 88 95 52 68 30 44 56 2 96 35 29 65 23 93 18 50 99 79 5 32 3 31 34 28 76 38 49 42 46 64 87 80 72 98 26 67 12 20 17 51 55 10 97 36 14 7 66 75 8 54 60 27 77 71 0 13 15 22 62 69 61 58 33 45 16 90 19 24 39 1 85 92 37 6 11 40 9 91 57 94 73 25 89 78 83 59 53
TEST 46 ARG:39 20 40 36 27 76 48 21 38 82 47 9 53 58 91 46 87 55 2 89 93 90 35 98 14 79 78 57 5 52 41 68 95 34 85 86 59 24 1 92 54 37 56 22 97 60 49 66 64 75 12 94 28 44 17 11 61 96 45 43 83 99 51 42 88 70 73 25 10 32 77 23 29 81 80 69 15 0 6 31 62 7 72 71 8 50 16 67 3 26 84 65 63 30 4 33 18 13 74 19
TEST 47 ARG:78 90 24 67 95 13 39 41 60 14 48 85 77 65 92 82 20 7 64 74 96 88 10 25 32 27 22 58 26 21 38 80 9 63 2 81 93 16 3 35 53 19 31 6 34 59 44 43 40 94 45 8 70 28 33 47 50 73 57 55 49 36 46 37 17 71 5 83 12 0 18 86 11 76 69 98 30 42 52 15 54 1 97 66 56 79 68 4 75 51 61 91 89 84 29 62 87 23 99 72
TEST 48 ARG:86 54 67 35 73 40 59 75 85 8 33 7 63 37 11 36 2 98 41 24 27 9 61 13 43 91 89 22 5 62 95 57 47 18 77 72 55 64 44 87 76 1 71 53 34 99 78 83 19 28 68 81 26 21 38 42 17 88 94 45 0 25 92 3 6 16 4 97 31 32 66 29 49 90 46 70 56 74 14 96 20 79 52 23 60 15 82 84 65 10 69 51 50 39 93 58 48 30 12 80
TEST 49 ARG:60 17 58 78 86 73 29 91 47 61 4 36 42 33 8 31 12 16 2 71 93 41 44 11 49 95 70 85 74 99 22 63 28 27 52 19 80 76 69 46 84 56 57 7 89 3 32 97 6 54 98 34 35 38 90 39 82 92 25 62 72 15 0 24 88 37 94 50 30 75 20 10 81 21 45 59 68 96 51 83 55 67 64 14 18 26 13 65 1 66 40 23 43 87 9 53 79 5 77 48
TEST 50 ARG:26 72 1 87 46 76 92 11 81 49 12 5 6 44 57 79 99 41 28 82 2 65 19 58 61 84 36 33 35 34 77 27 64 22 90 95 31 45 7 98 83 21 16 94 55 30 25 50 39 37 97 52 48 62 15 42 63 53 93 38 69 10 20 47 86 14 80 73 67 0 88 66 23 96 91 4 74 89 3 60 13 8 9 59 40 70 71 51 68 18 54 43 75 24 17 78 56 29 85 32
TEST 51 ARG:35 51 44 7 12 95 6 25 15 74 26 68 31 99 64 71 19 4 65 30 17 43 40 32 78 34 88 90 86 13 75 93 57 28 54 9 59 1 22 39 36 61 91 23 87 92 47 53 97 5 20 11 73 79 41 83 18 66 70 94 16 10 38 76 45 3 98 50 60 72 63 62 52 33 82 29 56 69 55 37 89 24 84 58 0 42 48 49 80 81 96 27 85 77 8 67 2 21 46 14
TEST 52 ARG:88 74 35 38 96 34 86 19 73 7 67 70 5 22 99 75 62 48 28 43 10 52 65 91 12 23 53 42 87 79 45 68 16 64 32 59 9 2 33 66 50 78 6 4 26 41 49 95 81 47 57 69 37 60 76 15 8 71 29 21 3 54 56 94 36 98 17 13 55 84 90 14 20 40 27 61 63 51 25 80 30 39 46 85 83 97 24 31 1 93 11 92 58 44 18 82 0 77 89 72
TEST 56 ARG:8 51 61 53 28 4 11 48 86 68 99 1 69 56 67 72 16 57 74 70 77 0 6 3 2 90 27 62 25 21 76 9 36 63 5 64 37 85 80 78 44 29 19 22 75 92 49 54 43 65 93 30 89 71 66 26 24 55 33 38 20 40 7 15 31 97 18 81 35 32 95 98 42 47 13 12 45 39 83 14 52 87 60 23 82 94 41 34 79 91 88 46 84 50 96 58 73 17 59 10
TEST 58 ARG:18 25 68 83 94 75 29 85 82 31 87 57 95 30 88 51 89 39 73 1 14 32 53 11 47 91 86 48 8 34 99 5 93 17 74 22 10 37 27 9 63 21 54 35 16 24 79 90 15 66 78 92 52 43 62 3 60 26 64 71 55 72 44 7 61 56 84 77 97 67 50 65 36 23 80 0 28 49 96 46 59 38 33 81 58 98 6 2 40 4 42 76 13 41 19 20 70 12 69 45
TEST 60 ARG:62 31 81 17 86 38 1 40 87 14 35 41 33 89 48 59 47 37 65 76 43 64 75 69 77 54 55 52 6 19 88 46 22 96 4 34 72 32 11 9 97 20 27 78 44 56 71 21 24 16 8 26 99 18 7 98 0 12 73 42 51 67 68 95 74 30 3 94 60 25 15 39 50 90 92 53 57 83 2 82 61 10 80 13 5 63 23 45 84 93 91 36 70 49 66 28 85 29 58 79
TEST 64 ARG:83 62 91 0 25 80 8 81 98 47 38 94 63 45 13 41 44 71 48 2 72 75 96 77 85 34 1 30 66 3 5 12 93 33 67 59 31 35 95 78 22 18 4 7 65 64 16 15 42 46 10 55 97 21 74 49 89 99 87 28 70 61 82 9 79 11 53 20 68 37 92 40 17 56 27 24 73 50 6 26 43 86 90 84 19 36 32 51 29 88 52 54 69 14 58 23 60 39 76 57
TEST 65 ARG:76 82 93 54 5 64 33 42 71 96 77 21 3 26 91 23 65 72 40 14 49 95 59 92 53 67 88 38 62 4 16 56 98 68 10 69 87 27 29 15 66 39 99 70 7 48 61 19 37 36 8 17 58 13 84 44 24 55 52 0 1 2 9 78 83 80 86 73 30 34 94 46 51 50 20 63 11 79 41 57 47 18 35 45 12 90 32 85 22 43 25 31 81 89 6 97 74 75 60 28
TEST 66 ARG:95 83 71 34 26 98 86 35 90 68 77 88 67 4 72 20 12 19 49 54 80 62 8 5 7 74 11 53 51 75 60 23 91 57 61 56 85 58 27 9 1 70 81 78 42 39 55 99 21 52 2 64 10 14 93 22 66 37 43 29 33 97 41 69 79 38 31 15 65 0 40 6 18 13 89 36 50 45 84 17 82 24 3 92 30 59 76 48 73 32 94 25 96 44 46 63 16 87 47 28
TEST 67 ARG:72 80 57 45 2 83 55 66 64 62 96 4 58 9 15 33 27 82 97 76 78 40 65 20 46 5 34 11 87 3 24 50 85 88 1 39 49 73 99 22 84 91 75 18 28 23 90 61 0 13 94 43 48 16 37 19 77 71 98 67 29 63 70 68 93 51 74 30 47 95 89 79 44 26 8 42 32 35 52 36 21 56 17 53 86 38 7 25 14 41 81 12 6 31 54 69 60 10 92 59
TEST 68 ARG:51 98 85 53 61 33 95 97 28 18 48 39 36 46 66 57 71 30 1 93 64 34 3 6 20 60 65 16 55 52 99 11 62 37 54 29 23 63 83 87 47 27 26 89 21 70 88 73 82 58 22 41 80 42 76 68 17 8 81 45 91 84 15 13 38 43 31 72 69 7 59 44 77 86 12 5 2 24 90 14 50 74 40 94 10 19 49 96 56 4 25 9 32 79 78 0 35 92 67 75
TEST 70 ARG:45 64 99 36 81 91 92 44 9 10 96 59 24 54 58 43 85 82 97 21 32 48 86 62 7 26 68 95 34 47 79 23 29 83 75 15 65 5 13 74 71 30 0 60 12 56 80 53 37 28 27 87 22 20 8 52 6 50 76 73 69 66 93 70 33 57 46 89 42 41 84 16 98 61 67 72 35 78 11 90 25 94 17 4 55 19 31 2 3 77 1 49 88 63 39 18 40 38 51 14
TEST 71 ARG:1 31 94 47 43 42 13 15 64 7 97 66 77 51 12 5 58 26 6 88 72 70 28 81 52 0 18 86 98 22 87 95 54 23 75 44 85 63 41 89 71 30 91 34 68 32 69 21 39 24 74 20 79 27 48 92 61 9 37 45 29 2 59 25 40 19 84 82 57 65 11 38 4 46 67 55 8 60 73 49 16 62 10 93 50 83 3 80 78 17 35 56 96 76 99 53 90 33 14 36
TEST 72 ARG:81 8 42 13 80 68 82 92 26 70 32 45 48 52 97 84 96 75 55 95 9 27 65 3 21 31 50 12 86 43 98 85 37 91 63 77 61 34 46 20 38 1 99 29 14 16 89 60 11 4 39 25 53 51 6 74 28 79 10 64 18 15 36 62 88 54 71 87 0 5 66 33 67 78 93 72 56 22 7 23 58 76 24 83 94 35 44 59 17 57 73 30 40 41 69 90 2 47 19 49
TEST 73 ARG:75 3 6 42 89 79 19 20 7 61 48 32 1 18 93 27 60 88 11 17 30 86 24 85 73 98 53 15 87 0 39 28 78 47 2 52 36 23 66 43 46 96 91 25 94 76 95 9 5 81 51 4 38 99 59 31 35 64 65 63 44 68 37 71 82 92 8 22 12 58 21 14 55 72 33 49 62 26 70 80 56 97 74 45 69 90 50 41 29 40 57 16 54 13 84 67 77 10 83 34
TEST 74 ARG:4 5 73 41 19 34 81 51 6 44 43 35 29 77 93 82 84 98 97 2 46 90 66 71 20 28 74 26 31 17 48 0 11 30 16 89 61 60 86 7 52 9 69 36 85 95 67 94 40 88 49 91 13 64 33 21 75 25 23 59 87 24 83 78 18 47 12 53 76 68 10 96 45 22 80 15 3 32 1 42 14 8 99 57 63 79 70 50 62 65 38 39 56 55 27 54 72 37 58 92
TEST 75 ARG:91 8 84 81 94 32 36 68 47 2 21 13 64 77 18 20 4 52 60 25 63 86 98 17 40 29 93 30 43 0 9 14 85 53 90 89 38 59 70 16 24 31 50 73 97 55 80 92 75 87 79 66 82 46 49 96 42 95 62 78 23 6 67 61 74 15 88 76 54 72 99 1 35 22 56 11 51 45 19 58 39 37 71 48 26 7 69 83 57 41 27 65 44 34 12 10 28 5 3 33
TEST 78 ARG:13 28 72 85 56 0 29 5 38 12 54 88 48 84 66 35 44 65 43 34 71 99 52 87 83 47 81 91 36 79 6 55 86 77 45 11 10 64 49 76 46 51 40 14 2 42 75 39 8 73 70 3 98 37 22 90 4 31 78 94 67 26 61 7 41 24 23 59 32 97 95 9 62 17 63 68 30 16 80 58 96 89 82 20 69 27 33 50 74 25 60 15 92 57 21 53 19 93 1 18
TEST 79 ARG:75 72 89 74 53 46 48 2 84 0 50 60 36 28 62 10 19 69 51 43 61 83 4 66 25 18 30 52 13 22 57 17 95 55 93 59 85 64 80 97 24 94 90 86 56 32 16 3 88 47 29 82 6 98 37 81 38 14 70 77 45 58 35 26 65 31 39 12 11 9 79 63 33 1 8 54 21 76 68 67 96 40 15 7 71 49 92 27 87 42 73 34 23 91 44 5 20 99 78 41
TEST 83 ARG:23 3 0 19 89 65 78 69 20 92 82 40 95 53 45 18 66 33 32 41 21 39 5 84 72 86 12 93 15 35 42 48 44 75 52 58 4 22 79 49 13 76 55 77 8 31 30 62 14 56 90 73 54 51 64 91 25 97 9 68 46 94 36 61 17 83 29 28 10 67 96 37 98 7 59 38 11 27 63 60 80 16 81 6 99 88 1 50 26 70 85 87 43 57 34 24 71 2 74 47
TEST 84 ARG:87 70 64 14 44 38 95 2 86 11 25 41 84 0 1 49 4 85 94 61 45 15 34 50 22 83 75 31 9 74 46 51 67 37 12 63 79 30 55 19 43 96 98 27 48 71 59 69 3 21 99 39 82 73 47 65 5 33 28 16 52 92 57 17 13 93 60 81 10 32 97 62 89 68 53 54 24 78 20 40 35 29 23 80 6 72 88 90 56 36 8 66 58 77 26 76 91 42 7 18
TEST 90 ARG:12 77 0 7 27 74 25 72 60 45 10 14 8 78 36 90 94 20 31 3 66 2 91 57 17 96 11 21 52 93 26 37 88 35 56 49 63 70 50 65 58 22 5 86 34 47 30 24 64 87 19 95 44 13 59 55 28 40 89 79 16 51 84 73 80 68 75 97 29 92 76 46 41 32 9 98 67 1 39 4 82 15 43 38 23 71 54 83 69 33 99 85 61 6 18 42 62 48 53 81
TEST 91 ARG:27 82 35 52 20 98 46 91 87 80 15 29 70 8 50 58 32 54 66 85 37 74 45 24 92 14 31 77 61 93 57 4 19 99 42 67 63 59 30 51 38 44 62 56 94 55 36 18 76 96 78 47 0 72 12 40 26 9 64 86 13 97 10 21 81 49 60 5 6 28 75 43 68 79 84 48 7 23 90 1 17 65 83 73 22 71 53 11 95 88 39 2 89 34 16 3 33 25 41 69
TEST 91 ARG:27 82 35 52 20 98 46 91 87 80 15 29 70 8 50 58 32 54 66 85 37 74 45 24 92 14 31 77 61 93 57 4 19 99 42 67 63 59 30 51 38 44 62 56 94 55 36 18 76 96 78 47 0 72 12 40 26 9 64 86 13 97 10 21 81 49 60 5 6 28 75 43 68 79 84 48 7 23 90 1 17 65 83 73 22 71 53 11 95 88 39 2 89 34 16 3 33 25 41 69
TEST 92 ARG:21 69 54 56 73 97 93 4 32 8 26 66 59 58 42 96 67 34 71 5 80 62 88 51 48 16 27 74 11 43 91 40 10 25 0 22 72 87 53 94 63 6 33 95 49 44 37 76 28 45 99 31 79 23 68 38 65 1 83 50 47 70 46 86 12 82 30 14 98 61 89 75 3 36 60 15 77 2 85 18 90 81 84 78 9 35 52 20 7 17 57 39 41 29 24 19 55 92 64 13
TEST 93 ARG:44 11 19 52 69 58 54 24 74 8 84 27 28 61 92 38 39 87 59 48 15 82 62 3 47 9 13 53 55 80 1 6 17 97 40 89 90 45 72 95 25 20 79 23 46 0 18 16 68 73 14 96 26 12 70 4 77 5 22 63 75 31 41 76 21 50 51 81 32 65 34 30 99 67 29 37 35 43 42 56 66 94 83 93 86 85 78 71 2 57 88 60 36 64 10 7 33 91 49 98
TEST 94 ARG:56 17 74 82 80 94 73 90 96 97 41 72 67 59 40 83 60 68 36 85 87 23 81 84 20 50 37 25 3 30 75 47 55 33 57 58 51 27 24 71 14 7 16 29 99 66 12 91 89 95 48 13 92 1 18 35 49 32 5 26 44 62 54 46 22 88 39 11 38 77 43 2 53 61 19 52 79 78 15 10 63 0 34 21 31 86 9 28 93 70 69 4 8 98 65 64 42 76 45 6
TEST 95 ARG:10 22 83 20 46 63 98 26 57 0 39 81 94 6 79 92 80 59 4 72 47 16 40 27 9 34 97 91 75 23 41 14 2 50 36 78 56 89 49 32 93 48 17 87 19 42 11 31 60 29 30 1 84 33 7 24 15 28 90 99 35 68 52 45 53 37 88 65 58 71 43 62 95 3 5 18 77 51 74 21 85 69 12 55 73 8 38 76 44 54 67 96 25 86 64 61 13 70 82 66
TEST 96 ARG:15 83 37 19 42 47 72 26 16 68 64 18 79 14 4 96 60 73 21 93 34 52 12 22 58 17 85 43 69 54 77 29 33 44 5 97 2 88 70 74 84 56 49 65 41 86 75 6 39 35 45 46 38 32 82 76 7 71 23 3 57 24 40 89 25 80 95 50 8 1 30 20 78 62 55 66 63 27 31 36 91 98 87 28 67 61 81 0 99 90 53 59 9 92 94 51 11 48 13 10
TEST 97 ARG:85 78 11 75 91 73 37 49 80 60 71 79 89 86 59 34 35 23 4 45 56 62 70 2 53 95 14 36 28 58 22 92 97 15 38 0 84 43 66 31 39 6 87 90 55 68 25 93 77 61 24 94 88 21 41 3 10 9 33 69 50 96 13 67 63 42 26 99 74 8 57 12 1 19 72 30 81 17 98 27 29 64 83 20 7 32 46 47 51 18 82 48 76 54 44 5 52 16 65 40
TEST 98 ARG:51 75 22 70 98 11 23 33 44 16 79 4 25 81 32 76 21 93 58 2 6 78 15 85 71 83 9 50 94 73 74 18 54 55 13 68 53 63 66 89 48 65 19 31 17 64 77 41 69 45 10 96 24 20 43 1 84 67 80 7 62 3 36 37 60 56 97 8 0 95 88 99 52 90 28 35 26 12 82 86 40 29 46 47 91 38 14 72 42 57 87 5 27 61 92 49 39 59 30 34
TEST 105 ARG:68 51 24 66 9 12 14 78 91 45 54 77 90 64 32 69 5 49 86 3 19 59 84 33 62 57 98 60 2 37 76 63 97 11 79 4 25 99 27 7 71 43 40 26 15 52 41 58 17 30 92 13 36 55 10 8 44 88 1 96 34 85 72 6 28 31 70 47 89 16 73 80 65 56 18 95 75 29 82 38 83 46 20 35 48 94 67 93 42 23 87 50 53 21 0 74 22 39 81 61
TEST 107 ARG:57 54 26 20 13 51 62 83 40 10 53 23 35 98 31 9 84 61 45 78 80 17 41 16 19 86 33 88 46 28 5 95 58 27 94 52 59 56 43 38 4 60 8 14 97 96 85 25 37 92 87 49 72 11 55 77 75 47 79 24 99 71 32 21 68 63 76 22 7 2 44 42 73 39 18 93 12 6 34 66 81 90 89 48 0 65 74 29 36 1 91 69 82 67 64 70 30 15 3 50
TEST 110 ARG:4 3 23 2 14 33 58 91 73 13 94 7 57 69 93 22 21 30 75 10 85 66 28 80 31 55 32 54 44 1 82 6 72 92 48 97 60 53 81 46 83 20 95 45 52 70 87 29 34 17 36 40 39 59 86 71 38 68 98 62 49 51 0 64 25 88 43 5 78 9 89 37 15 67 16 77 27 90 76 26 65 11 63 19 35 12 41 84 61 18 8 96 47 42 74 50 99 56 24 79
TEST 111 ARG:54 55 30 96 17 52 34 97 31 45 3 69 12 66 15 47 22 48 77 37 40 18 59 73 65 43 53 23 28 16 83 11 24 56 75 42 67 63 87 13 88 29 50 33 95 61 79 78 58 36 84 1 20 94 93 51 19 32 6 27 2 57 98 62 71 46 44 10 35 5 8 38 14 60 92 21 74 85 76 86 90 80 81 64 89 0 39 68 9 82 72 26 25 99 41 7 49 91 4 70
TEST 112 ARG:28 98 36 24 62 10 39 91 0 8 54 22 35 90 70 74 5 38 47 67 92 11 82 33 13 84 86 89 46 99 68 64 72 50 78 93 51 6 73 34 16 71 1 76 59 15 65 95 57 42 87 14 27 83 18 2 56 97 23 77 32 94 21 48 3 61 41 55 37 19 17 12 44 49 7 88 20 58 81 60 96 45 69 66 85 52 29 4 80 53 40 26 31 63 9 75 43 79 30 25
TEST 112 ARG:28 98 36 24 62 10 39 91 0 8 54 22 35 90 70 74 5 38 47 67 92 11 82 33 13 84 86 89 46 99 68 64 72 50 78 93 51 6 73 34 16 71 1 76 59 15 65 95 57 42 87 14 27 83 18 2 56 97 23 77 32 94 21 48 3 61 41 55 37 19 17 12 44 49 7 88 20 58 81 60 96 45 69 66 85 52 29 4 80 53 40 26 31 63 9 75 43 79 30 25
TEST 113 ARG:90 76 89 78 41 57 13 20 8 31 12 45 62 18 80 49 60 66 34 51 68 73 54 83 88 87 42 64 11 52 50 4 24 1 27 86 77 91 55 29 22 28 65 92 19 9 95 36 6 32 98 16 38 43 75 46 0 47 94 71 72 14 30 3 96 79 33 69 37 97 56 74 53 10 21 5 85 7 44 39 99 70 58 17 35 63 25 93 2 81 48 40 67 26 61 82 15 23 59 84
TEST 114 ARG:38 13 40 12 64 68 34 7 98 27 60 39 83 55 15 66 0 57 61 97 81 67 26 69 41 14 71 62 99 22 89 63 96 84 79 72 1 82 16 11 80 2 31 8 77 23 76 19 70 59 54 47 86 78 35 5 24 32 52 90 6 37 17 20 88 93 92 42 45 91 10 56 36 87 3 25 30 49 33 53 75 4 73 29 94 21 9 18 43 50 74 28 51 58 65 48 85 46 44 95
TEST 115 ARG:95 90 9 70 21 71 75 77 39 8 14 84 96 13 28 37 11 41 43 49 2 76 44 64 61 18 36 65 58 79 1 54 93 0 27 25 67 38 99 10 72 98 52 42 24 83 20 5 30 3 32 57 53 33 82 59 31 23 62 26 92 12 48 22 89 66 6 85 78 7 73 86 81 87 47 97 15 55 19 88 16 63 91 56 94 51 68 45 80 60 40 69 4 74 17 35 29 34 46 50
TEST 116 ARG:37 70 49 72 7 85 56 50 18 95 60 28 44 67 34 10 9 40 57 29 21 98 51 12 45 69 86 78 20 2 19 31 4 1 16 41 74 63 30 79 11 25 93 0 89 96 68 77 58 91 15 42 84 47 26 5 81 94 80 65 97 22 23 62 59 82 14 39 17 6 90 87 52 36 27 55 3 24 54 92 83 48 32 35 43 99 76 88 71 33 8 75 53 73 38 66 61 64 13 46
TEST 118 ARG:2 38 26 90 47 91 37 32 36 18 8 3 0 73 65 88 89 13 48 76 35 66 75 30 7 29 44 77 69 41 56 45 43 10 80 20 25 53 14 51 5 50 84 86 6 59 27 34 42 93 83 4 28 24 72 64 92 82 95 33 87 9 97 63 94 81 71 12 49 54 70 16 57 62 58 67 99 85 55 11 22 61 31 21 40 52 15 17 96 74 79 68 1 60 46 23 78 98 19 39
TEST 119 ARG:16 89 33 10 38 4 57 21 19 68 87 20 12 72 40 17 82 34 43 93 18 95 73 59 35 23 24 76 90 52 83 56 67 3 31 85 65 1 62 98 96 41 55 13 29 15 14 79 99 28 45 44 92 0 7 74 42 26 77 47 32 60 36 51 9 71 27 54 61 84 46 70 88 75 48 97 5 11 94 66 49 22 8 80 63 81 25 30 58 64 39 78 91 86 69 53 2 37 50 6
TEST 120 ARG:66 22 12 79 52 75 21 91 23 71 34 50 64 37 5 13 82 87 58 25 63 39 78 1 2 96 24 14 38 41 80 76 97 32 89 56 95 99 19 30 44 85 35 4 10 70 61 73 54 81 8 62 43 7 15 72 45 98 86 49 65 17 31 74 90 33 83 68 51 20 60 48 46 6 67 26 77 84 16 59 29 42 9 3 53 69 40 18 36 27 11 0 57 94 47 28 92 93 88 55
TEST 121 ARG:8 9 34 97 53 32 26 64 73 78 65 3 35 21 89 6 15 16 19 71 47 13 95 49 85 44 10 76 25 82 98 45 72 54 80 42 24 51 62 11 38 50 48 12 29 93 41 1 60 36 58 27 84 28 55 79 33 70 68 22 96 69 57 0 87 86 31 59 67 81 92 56 43 30 63 77 94 91 99 74 88 75 37 46 40 66 17 20 18 5 14 4 52 2 61 90 39 23 7 83
TEST 123 ARG:48 97 71 41 26 7 8 62 2 11 53 60 92 44 21 33 82 56 17 85 45 0 43 3 18 42 69 75 54 20 35 95 10 50 68 88 5 39 30 25 27 51 46 16 70 87 66 83 89 74 9 91 73 6 12 14 99 34 22 24 84 80 86 19 13 40 76 57 52 63 78 1 72 47 65 58 61 79 28 96 38 59 32 49 55 37 77 94 31 64 98 29 90 23 15 4 67 93 81 36
TEST 125 ARG:66 31 41 1 63 14 95 0 73 96 9 23 81 93 99 21 48 69 78 36 4 46 8 71 42 64 13 18 34 35 27 5 92 53 3 83 91 86 15 29 19 89 25 7 85 28 2 49 11 65 22 39 50 12 59 82 90 61 17 70 30 84 38 94 79 62 40 97 98 80 6 88 45 87 10 24 44 60 20 74 33 76 51 57 56 43 68 72 16 67 52 58 47 54 75 32 77 37 26 55
TEST 129 ARG:6 98 75 33 95 86 42 2 25 40 16 50 92 37 17 80 78 21 19 82 63 47 4 26 36 48 94 96 73 44 89 39 20 84 12 61 54 24 60 23 3 70 27 87 11 81 43 30 56 74 72 66 34 29 45 14 57 38 97 15 18 9 10 0 65 99 51 5 46 76 53 13 59 31 64 88 55 49 32 22 85 93 41 91 90 7 71 83 58 69 1 67 35 62 79 52 77 68 28 8
TEST 130 ARG:77 88 33 83 49 50 94 11 95 25 54 34 86 3 69 13 17 53 4 76 42 98 93 6 14 58 96 29 10 78 59 26 9 65 64 37 87 92 67 2 46 16 45 57 74 68 30 39 62 28 1 91 56 23 36 31 32 15 47 44 7 43 5 79 35 97 82 12 73 18 19 66 60 8 90 70 41 81 84 85 40 27 61 75 52 89 99 63 71 0 21 48 55 38 51 72 24 22 80 20
TEST 132 ARG:41 51 56 91 7 23 2 29 16 33 75 27 6 49 96 60 86 40 32 61 1 21 77 65 0 83 88 85 70 19 66 79 78 42 72 45 81 82 87 20 93 53 18 9 94 62 25 12 76 10 8 68 67 17 39 84 92 98 52 64 5 95 97 26 31 34 99 43 80 38 63 55 57 15 46 13 69 89 50 71 36 44 14 54 48 47 90 3 59 37 4 73 74 28 22 35 30 24 11 58
TEST 133 ARG:87 71 2 92 65 55 56 17 86 26 52 37 25 77 80 5 45 13 6 15 40 73 95 54 66 72 49 44 18 90 82 74 64 27 91 28 7 69 88 11 68 9 20 24 96 36 78 10 39 23 60 43 50 3 35 84 41 53 30 89 75 58 59 0 81 94 83 48 4 16 32 62 76 47 34 57 61 38 98 22 63 21 99 67 1 31 29 14 79 12 19 42 97 70 85 93 51 8 46 33
TEST 135 ARG:50 31 9 44 88 86 91 82 25 6 17 74 81 32 59 35 70 53 0 57 15 20 87 95 85 8 96 72 75 13 27 61 93 60 92 41 80 4 71 18 36 56 98 28 69 37 5 68 16 90 97 19 64 83 47 58 14 29 49 76 78 10 48 2 73 43 63 24 65 11 33 30 62 79 67 34 23 40 89 54 7 51 46 55 77 1 38 12 42 26 45 39 99 3 66 94 21 84 52 22
TEST 136 ARG:17 61 35 83 21 22 44 97 28 46 77 39 96 94 52 58 55 9 62 79 29 45 12 87 47 54 78 60 68 82 80 14 66 32 27 18 37 93 57 2 49 69 8 25 40 19 33 11 65 20 90 99 95 50 75 43 23 10 84 48 41 15 3 74 31 88 38 4 34 81 86 5 53 59 70 56 24 7 89 64 91 76 92 98 67 85 1 71 42 0 51 72 16 6 36 73 26 30 13 63
TEST 137 ARG:39 80 54 40 33 56 15 84 66 79 89 63 17 4 1 2 29 26 51 83 64 12 24 34 61 71 58 25 82 53 78 57 13 76 41 96 27 35 22 92 90 16 75 59 99 97 28 9 88 87 65 98 44 49 3 7 73 55 5 21 70 69 62 43 52 20 37 68 42 14 81 46 60 67 18 10 36 38 23 48 6 32 47 95 30 93 85 8 0 11 94 31 91 86 74 50 19 45 77 72
TEST 138 ARG:61 84 95 19 33 88 46 91 42 67 57 55 85 32 15 89 2 28 72 99 44 94 82 58 18 97 66 48 24 7 78 23 93 69 64 98 83 71 26 30 63 47 68 60 50 52 70 53 35 77 40 81 38 73 8 90 1 62 5 43 80 12 75 36 96 11 9 92 37 21 41 6 22 59 54 74 79 13 31 16 39 87 29 25 10 3 49 34 4 86 56 51 17 45 14 0 65 76 27 20
TEST 141 ARG:6 65 67 0 40 62 56 79 20 88 57 66 63 23 30 18 82 85 75 29 21 32 9 84 34 38 31 99 11 35 93 54 51 91 8 4 24 60 43 69 27 58 90 92 10 71 81 37 48 49 50 5 86 2 52 16 12 96 78 28 73 17 95 14 33 7 74 68 97 83 87 59 80 42 64 77 61 94 53 44 89 1 15 45 46 41 22 70 47 55 25 72 39 98 36 26 13 3 19 76
TEST 142 ARG:53 97 28 22 59 80 89 20 85 27 24 87 39 98 3 7 64 48 68 32 94 65 12 36 0 23 49 14 47 33 79 83 26 76 55 75 60 31 44 90 73 4 78 57 54 58 16 93 8 5 91 40 17 52 30 72 2 37 81 77 86 67 13 61 11 45 21 10 19 50 82 66 42 6 56 25 51 96 74 71 70 43 41 38 1 84 15 92 99 95 88 29 18 35 9 63 34 69 62 46
TEST 143 ARG:23 70 38 7 3 12 71 9 40 46 77 14 63 47 91 95 72 76 89 64 20 51 86 50 18 54 94 55 75 24 98 5 92 99 58 68 60 67 4 79 81 22 32 59 1 73 45 15 57 19 87 90 66 84 42 17 74 6 8 93 48 29 13 43 41 33 11 2 61 78 28 31 21 30 10 39 35 36 25 82 83 52 69 49 44 85 97 34 88 0 16 62 80 53 27 65 96 26 56 37
TEST 144 ARG:97 46 68 56 3 25 61 24 33 12 98 2 79 47 38 7 84 9 90 8 62 59 39 26 57 65 80 48 42 81 41 82 52 4 85 11 78 63 95 13 32 16 75 27 20 50 71 99 88 73 55 77 53 92 66 89 28 94 21 18 91 69 45 31 40 34 14 35 76 96 5 83 10 54 0 22 15 37 58 23 30 43 29 36 74 70 44 93 67 64 17 60 72 86 1 51 87 6 19 49
TEST 145 ARG:57 18 15 84 41 67 75 33 60 29 77 10 44 9 37 97 14 7 32 99 47 74 83 23 40 71 25 73 34 4 61 48 24 58 16 36 89 45 94 96 8 50 85 51 39 6 62 35 78 5 63 76 26 64 0 82 68 21 27 13 3 55 2 30 49 20 69 43 91 66 53 54 90 17 93 28 88 19 87 46 1 38 81 22 95 12 11 86 98 70 52 59 31 80 72 79 56 65 42 92
TEST 147 ARG:27 99 90 7 28 11 84 16 46 57 44 93 66 1 81 71 14 94 77 25 12 73 41 56 82 75 69 59 15 40 86 39 20 5 45 97 35 83 76 32 74 2 67 26 62 61 54 19 53 91 60 18 78 24 49 13 31 63 38 85 89 36 34 87 47 8 55 70 37 65 48 96 42 29 22 51 33 21 6 30 4 92 52 9 43 10 50 0 58 68 3 88 64 72 95 79 98 17 80 23
TEST 148 ARG:50 87 95 82 2 63 4 48 35 10 62 55 33 25 32 7 37 21 74 99 69 14 18 26 40 79 16 97 5 64 66 44 29 46 75 36 8 94 86 52 58 6 38 68 20 15 78 72 92 73 84 56 23 71 91 13 34 59 51 70 85 0 53 81 89 30 65 42 47 24 60 31 61 11 9 28 43 22 83 80 98 45 57 77 93 39 1 27 12 49 41 76 90 54 96 3 88 17 19 67
TEST 151 ARG:27 87 12 92 41 63 36 52 55 39 53 76 16 95 48 82 25 0 80 89 79 5 29 43 30 42 72 10 56 50 99 40 21 3 26 81 11 2 74 31 34 98 67 24 84 77 15 60 45 57 6 35 47 86 94 18 93 97 1 68 17 23 83 33 22 19 65 58 85 38 54 70 59 90 14 75 32 49 73 4 78 7 9 96 64 51 88 46 44 28 71 69 37 62 61 8 20 13 66 91
TEST 153 ARG:40 31 0 12 5 42 71 63 62 14 74 93 78 88 68 36 1 85 69 98 65 52 57 89 56 20 4 54 81 72 55 47 8 29 25 58 66 45 37 23 80 51 92 96 9 90 76 84 33 70 24 28 27 15 99 13 41 18 26 59 91 86 67 83 39 44 11 64 60 97 95 21 17 34 82 79 16 10 75 32 48 2 46 35 77 87 53 38 50 19 30 61 3 6 94 22 43 7 73 49
TEST 154 ARG:20 5 83 16 0 66 49 19 10 41 60 17 35 3 46 89 78 70 86 45 29 8 58 88 81 50 42 98 69 94 38 44 11 61 55 63 28 97 76 23 34 27 99 82 95 62 56 48 77 53 73 26 91 65 92 22 96 6 40 75 79 18 12 37 67 25 68 1 13 90 30 85 32 9 7 87 84 52 4 14 36 80 71 74 2 43 59 24 39 57 51 33 72 21 31 93 15 54 64 47
TEST 156 ARG:9 33 4 82 50 13 17 69 88 72 99 61 74 14 1 18 51 85 98 52 79 38 93 96 29 42 23 64 95 66 60 53 40 43 84 27 46 91 24 31 21 26 81 28 63 59 48 92 32 86 5 39 87 80 16 37 67 34 35 8 12 94 15 10 73 0 77 6 62 30 2 47 36 22 25 78 75 76 41 7 97 49 11 55 68 54 19 71 45 70 90 89 20 65 44 58 57 83 3 56
